1 22985
2 22986
1 24326
2 24327
1 24775
2 24776
1 26253
2 26254
1 26397
2 26398
1 26774
2 26775
1 27086
2 27087
1 27162
2 27163
1 27749
2 27750
1 29153
2 29154
1 29230
2 29231
1 29297
2 29298
1 29337
2 29338
1 29378
2 29379
1 29507
2 29508
1 29759
2 29760
1 30318
2 30319
1 30376
2 30377
1 30416
2 30417
1 30460
2 30461
1 30500
2 30501
1 31573
2 31574
3 31575
4 31576
5 31577
6 31578
1 32199
2 32200
3 32201
4 32202
5 32203
6 32204
1 32342
2 32343
3 32344
4 32345
5 32346
6 32347
1 33084
2 33085
3 33086
4 33087
5 33088
6 33089
1 33394
2 33395
3 33396
4 33397
5 33398
6 33399
1 33680
2 33681
3 33682
4 33683
5 33684
1 33906
1 34095
1 34379
1 34572
1 35201
2 35202
3 35203
4 35206
5 35207
6 35208
7 35209
8 35210
9 35211
10 35212
1 35421
1 35508
2 35509
3 35510
4 35511
5 35512
1 29738
2 29739
1 31544
2 31545
1 31877
2 31878
1 32007
2 32008
3 32009
4 32010
1 32317
2 32319
3 32320
4 32321
1 32816
2 32817
3 32818
4 32819
5 32820
6 32821
1 33918
2 33919
3 33920
1 34064
2 34065
3 34066
4 34067
5 34068
6 34069
1 34176
2 34177
1 34328
1 35577
2 35578
1 35878
2 35879
1 37047
2 37048
1 37413
2 37414
3 37415
1 38183
2 38184
1 38720
2 38721
3 38722
1 38877
2 38878
3 38879
1 1263
2 1264
3 1265
1 1481
2 1482
1 2584
2 2585
1 1245
1 1347
2 1348
3 1349
4 1352
1 1655
2 1656
3 1657
1 1969
2 1970
3 1971
1 2396
2 2397
3 2398
1 3686
2 3687
1 3840
2 3841
1 1196
2 1197
1 2401
2 2402
1 2605
2 2606
3 2607
1 2794
2 2795
3 2796
4 2797
1 2887
2 2888
3 2889
1 3036
2 3037
3 3038
1 3101
2 3102
3 3103
1 3154
2 3155
3 3156
1 3361
2 3363
3 3364
1 3432
2 3433
1 3691
2 3692
3 3693
1 3950
2 3951
3 3952
1 4153
2 4154
3 4155
1 4274
2 4276
3 4277
1 4385
2 4386
3 4387
1 4491
2 4492
3 4493
4 4494
5 4495
1 5094
2 5095
1 5315
2 5317
1 5472
2 5473
1 5530
2 5531
3 5532
1 5590
2 5591
