1 22987
2 22988
1 24328
2 24329
1 24777
2 24778
1 26255
2 26256
1 26399
2 26400
1 26776
2 26777
1 27088
2 27089
1 27164
2 27165
1 27751
2 27752
1 29155
2 29156
1 29232
2 29233
1 29299
2 29300
1 29339
2 29340
1 29380
2 29381
1 29509
2 29510
1 29761
2 29762
1 30320
2 30321
1 30378
2 30379
1 30418
2 30419
1 30462
2 30463
1 30502
2 30503
1 31579
2 31580
3 31581
4 31582
5 31583
6 31584
1 32205
2 32206
3 32207
1 32348
2 32349
3 32350
1 33090
2 33091
3 33092
1 33400
2 33401
3 33402
1 33685
2 33686
3 33687
4 33688
5 33689
1 33907
2 33908
3 33909
4 33910
5 33911
1 34096
2 34097
3 34098
4 34099
5 34100
1 34380
2 34381
3 34382
4 34383
5 34384
1 34573
1 35213
2 35214
3 35215
4 35216
5 35218
6 35219
7 35220
8 35221
9 35222
10 35223
1 35422
2 35423
3 35424
4 35425
5 35426
6 35427
7 35428
8 35429
9 35430
10 35431
1 35513
1 29740
2 29741
1 31546
2 31547
1 31879
2 31880
1 32011
2 32012
3 32013
4 32014
1 32323
2 32324
3 32325
4 32326
1 32822
2 32823
3 32824
4 32825
5 32826
6 32827
1 33921
2 33922
3 33923
1 34070
2 34071
3 34072
4 34073
5 34074
6 34075
1 34178
2 34179
1 34329
2 34330
3 34331
4 34332
5 34333
1 35579
2 35580
3 35581
4 35582
5 35583
1 35880
2 35881
1 37049
2 37050
3 37051
4 37052
5 37053
1 37416
2 37417
3 37418
4 37419
5 37420
1 38185
2 38186
3 38187
4 38188
5 38189
1 38723
2 38724
3 38725
4 38726
5 38727
6 38728
1 38880
2 38881
3 38882
4 38883
1 1266
2 1267
3 1268
4 1269
1 1483
2 1484
1 2586
2 2587
3 2588
1 1246
1 1353
2 1356
3 1357
4 1359
1 1658
2 1659
3 1660
4 1661
5 1662
6 1663
1 1973
2 1974
3 1975
4 1976
5 1977
1 2399
2 2400
3 2401
4 2402
5 2403
1 3688
2 3689
1 3842
2 3843
1 1198
2 1199
1 2403
2 2404
3 2405
1 2608
2 2609
3 2610
1 2800
2 2801
3 2802
4 2803
1 2890
2 2891
3 2892
1 3040
2 3041
3 3042
1 3104
2 3105
3 3106
1 3157
2 3158
3 3159
1 3365
2 3366
3 3367
1 3434
2 3435
1 3694
2 3695
3 3696
1 3953
1 4156
2 4157
1 4278
2 4279
3 4280
1 4388
2 4389
3 4390
4 4391
1 4496
2 4497
3 4498
4 4499
1 5096
2 5097
3 5098
4 5099
1 5318
2 5319
1 5474
2 5475
1 5533
2 5534
3 5535
1 5592
2 5593
